84.018776
39.438293
78.309929
79.844009
0.000000
19.755136
33.522274
76.822960
27.777473
0.000000
47.739708
62.887093
36.478447
51.340092
0.000000
91.619514
63.571175
71.729698
14.160256
0.000000
1.630057
24.288677
13.723158
80.417679
0.000000
40.094440
12.979044
10.880880
99.892448
0.000000
51.293243
83.911224
61.263985
29.603163
0.000000
52.428719
49.358299
97.277504
29.251680
0.000000
52.674496
76.991386
40.022861
89.152946
0.000000
35.245838
80.772453
91.902649
6.975528
0.000000
52.599537
8.605585
19.221386
66.322693
0.000000
34.889294
6.417132
2.002305
45.770176
0.000000
23.827995
97.063416
90.220810
85.091980
0.000000
53.976036
37.520699
76.024872
51.253540
0.000000
53.160645
3.928035
43.763760
93.183510
0.000000
72.095238
28.429342
73.853432
63.997883
0.000000
68.786140
16.597418
44.010452
88.007523
0.000000
33.033714
22.896818
89.337242
35.036018
0.000000
95.646828
58.864017
65.730408
85.867630
0.000000
92.396980
39.843666
81.476692
68.421852
0.000000
