36.96
67.03
87.96
67.39
93.74
73.84
86.18
92.46
51.87
86.77
49.20
33.54
3.09
66.70
29.00
54.23
18.93
87.72
78.68
45.53
87.25
48.31
84.76
65.89
15.33
17.20
2.14
53.03
81.54
29.46
93.56
18.50
96.49
81.52
85.89
90.23
55.36
72.07
82.69
7.23
58.84
31.88
40.77
61.93
98.58
69.76
16.16
17.51
57.48
94.84
63.04
44.73
43.15
47.80
10.62
58.47
65.00
12.76
11.51
46.55
42.23
5.07
65.05
38.71
86.59
50.94
28.94
41.95
23.01
11.63
49.18
81.85
43.52
89.95
43.78
42.10
59.71
59.94
59.61
17.19
54.77
22.65
61.92
97.92
70.45
72.54
56.40
35.45
85.30
67.91
82.00
27.52
72.98
47.05
66.24
59.57
97.99
95.18
1.52
21.00
