I macierz o rozmiarze 8 x 4:
24.60 30.60 17.50 16.90 
28.80 27.30 39.10 20.20 
15.90 28.10 40.70 30.70 
32.40 28.00 38.20 14.30 
42.40 29.00 30.00 24.30 
43.40 13.00 19.20 16.20 
23.70 32.30 41.60 35.00 
41.40 37.60 29.40 22.00 

II macierz o rozmiarze 4 x 8:
13.80 24.00 26.40 19.70 28.40 42.60 27.40 31.90 
26.60 13.70 39.70 36.10 29.20 23.40 37.90 17.10 
39.90 13.40 18.60 39.20 35.10 25.30 32.50 14.80 
34.70 30.00 37.30 32.10 13.20 43.80 41.60 14.50 









Wynik mnozenia macierzy I oraz macierzy II:
5717.25 5185.89 6448.56 5799.73 6676.67 5765.43 6619.11 3862.02 
6675.85 5643.21 7244.89 6928.92 7659.85 6643.98 7313.99 4314.88 
6856.93 5580.88 6884.94 6744.47 7196.11 6412.05 7590.82 4023.55 
6564.36 5869.31 7044.05 6791.91 7736.08 6901.44 7841.40 4576.85 
5869.09 5319.30 6273.57 6004.33 6599.80 6715.72 7285.20 4374.83 
5962.87 5932.73 7056.60 6224.96 7483.44 6756.57 6968.03 4510.37 
7444.82 6505.35 8039.27 7725.54 8135.72 7743.34 8947.89 4765.78 
3507.94 2562.68 3953.12 4031.62 3596.02 4350.90 4430.10 2717.74 
